7 0.0634765625 0.7734375 0.126953125 0.2451171875
7 0.0908203125 0.7998046875 0.1416015625 0.2373046875
7 0.1083984375 0.59375 0.173828125 0.0986328125
7 0.1767578125 0.8046875 0.1904296875 0.2451171875
7 0.17578125 0.8623046875 0.1298828125 0.244140625
7 0.28515625 0.85546875 0.1708984375 0.2861328125
7 0.2890625 0.6337890625 0.1748046875 0.107421875
7 0.2734375 0.552734375 0.1142578125 0.0947265625
7 0.3291015625 0.55078125 0.107421875 0.10546875
7 0.4140625 0.892578125 0.2265625 0.212890625
7 0.4287109375 0.736328125 0.16015625 0.1494140625
7 0.423828125 0.5732421875 0.08984375 0.09375
7 0.4404296875 0.6376953125 0.123046875 0.0556640625
7 0.4384765625 0.5078125 0.076171875 0.0556640625
7 0.5107421875 0.52734375 0.1298828125 0.072265625
7 0.5380859375 0.5732421875 0.111328125 0.0439453125
7 0.5322265625 0.6171875 0.0791015625 0.0498046875
7 0.5908203125 0.8232421875 0.1630859375 0.271484375
7 0.5458984375 0.48046875 0.0673828125 0.0322265625
7 0.5732421875 0.5869140625 0.083984375 0.0458984375
7 0.583984375 0.6357421875 0.091796875 0.052734375
7 0.5849609375 0.5166015625 0.021484375 0.0576171875
7 0.6455078125 0.748046875 0.1259765625 0.1953125
7 0.619140625 0.6396484375 0.0625 0.044921875
7 0.646484375 0.50390625 0.08984375 0.0478515625
7 0.6708984375 0.5673828125 0.107421875 0.080078125
7 0.6591796875 0.5263671875 0.0625 0.029296875
7 0.6845703125 0.630859375 0.0810546875 0.0634765625
7 0.7177734375 0.58984375 0.09375 0.0634765625
7 0.732421875 0.4931640625 0.0625 0.05859375
7 0.7685546875 0.70703125 0.1123046875 0.181640625
7 0.765625 0.54296875 0.0322265625 0.0244140625
7 0.822265625 0.6123046875 0.078125 0.0625
7 0.830078125 0.7255859375 0.0712890625 0.16015625
7 0.8173828125 0.4755859375 0.0234375 0.0625
7 0.8466796875 0.515625 0.0458984375 0.107421875
7 0.884765625 0.61328125 0.072265625 0.02734375
7 0.927734375 0.71875 0.1220703125 0.205078125
7 0.9052734375 0.5185546875 0.0537109375 0.095703125
7 0.9267578125 0.537109375 0.0595703125 0.0458984375
7 0.9482421875 0.5810546875 0.09765625 0.0693359375
7 0.982421875 0.5224609375 0.0341796875 0.0380859375