7 0.4423828125 0.8916015625 0.1259765625 0.162109375
7 0.1474609375 0.7451171875 0.1015625 0.2939453125
7 0.228515625 0.5361328125 0.0517578125 0.1552734375
7 0.2685546875 0.7548828125 0.052734375 0.3037109375
7 0.5595703125 0.82421875 0.0810546875 0.251953125
7 0.58984375 0.806640625 0.072265625 0.205078125
7 0.5791015625 0.6220703125 0.0498046875 0.158203125
7 0.7001953125 0.603515625 0.134765625 0.251953125
7 0.794921875 0.8369140625 0.0654296875 0.2001953125
7 0.8544921875 0.60546875 0.109375 0.232421875
7 0.9208984375 0.8779296875 0.1396484375 0.1220703125