1 0.0576171875 0.06640625 0.0869140625 0.1318359375
1 0.173828125 0.0546875 0.130859375 0.1083984375
1 0.189453125 0.15234375 0.1103515625 0.3037109375
1 0.337890625 0.1162109375 0.06640625 0.232421875
1 0.396484375 0.072265625 0.0751953125 0.14453125
1 0.458984375 0.166015625 0.0859375 0.33203125
1 0.498046875 0.1259765625 0.0458984375 0.251953125
1 0.5458984375 0.66796875 0.130859375 0.11328125
1 0.5 0.263671875 0.037109375 0.0322265625
1 0.5947265625 0.0185546875 0.134765625 0.037109375
1 0.564453125 0.111328125 0.0556640625 0.150390625
1 0.6689453125 0.6513671875 0.126953125 0.080078125
1 0.703125 0.115234375 0.0927734375 0.21875
1 0.806640625 0.212890625 0.1103515625 0.1982421875
1 0.7900390625 0.6337890625 0.072265625 0.041015625
1 0.8056640625 0.0654296875 0.08984375 0.130859375
1 0.9365234375 0.091796875 0.1259765625 0.18359375