7 0.046875 0.84765625 0.09375 0.275390625
7 0.1318359375 0.9521484375 0.255859375 0.0927734375
7 0.12890625 0.79296875 0.2060546875 0.2529296875
7 0.25390625 0.84375 0.2314453125 0.3095703125
7 0.228515625 0.609375 0.1455078125 0.1435546875
7 0.3193359375 0.822265625 0.212890625 0.35546875
7 0.3095703125 0.5283203125 0.1279296875 0.1396484375
7 0.3916015625 0.625 0.1611328125 0.2421875
7 0.34375 0.2685546875 0.05078125 0.046875
7 0.3828125 0.29296875 0.0615234375 0.0517578125
7 0.4140625 0.501953125 0.0947265625 0.06640625
7 0.5205078125 0.8583984375 0.216796875 0.279296875
7 0.4375 0.2900390625 0.0458984375 0.05859375
7 0.5087890625 0.546875 0.099609375 0.0712890625
7 0.5419921875 0.666015625 0.150390625 0.2099609375
7 0.5732421875 0.49609375 0.1083984375 0.0986328125
7 0.57421875 0.38671875 0.0693359375 0.1171875
7 0.607421875 0.5576171875 0.1083984375 0.11328125
7 0.630859375 0.4130859375 0.07421875 0.060546875
7 0.6806640625 0.505859375 0.1259765625 0.0849609375
7 0.697265625 0.75 0.15234375 0.1474609375
7 0.6611328125 0.455078125 0.0791015625 0.05859375
7 0.7275390625 0.5966796875 0.109375 0.1513671875
7 0.7119140625 0.40234375 0.068359375 0.0517578125
7 0.7373046875 0.4365234375 0.1015625 0.060546875
7 0.7744140625 0.482421875 0.0703125 0.0712890625
7 0.8115234375 0.5458984375 0.0947265625 0.1337890625
7 0.828125 0.669921875 0.1162109375 0.1708984375
7 0.796875 0.3720703125 0.05078125 0.0419921875
7 0.8203125 0.412109375 0.0703125 0.0537109375
7 0.8291015625 0.3720703125 0.044921875 0.0537109375
7 0.875 0.546875 0.1064453125 0.212890625
7 0.857421875 0.3515625 0.060546875 0.056640625
7 0.8798828125 0.41015625 0.05859375 0.064453125
7 0.880859375 0.4638671875 0.0478515625 0.0654296875
7 0.912109375 0.34375 0.037109375 0.076171875
7 0.95703125 0.3642578125 0.0751953125 0.1318359375