7 0.6875 0.8623046875 0.2275390625 0.2529296875
7 0.015625 0.931640625 0.03125 0.1328125
7 0.1767578125 0.8193359375 0.2109375 0.3583984375
7 0.2109375 0.6416015625 0.1044921875 0.2939453125
7 0.3125 0.6318359375 0.10546875 0.2880859375
7 0.318359375 0.4833984375 0.0732421875 0.1181640625
7 0.3212890625 0.4814453125 0.0791015625 0.0546875
7 0.39453125 0.6025390625 0.0712890625 0.2353515625
7 0.5234375 0.564453125 0.05078125 0.2041015625
7 0.556640625 0.533203125 0.0341796875 0.0400390625
7 0.6748046875 0.515625 0.0361328125 0.140625
7 0.72265625 0.63671875 0.091796875 0.2685546875
7 0.7734375 0.8232421875 0.1435546875 0.2216796875
7 0.75390625 0.3935546875 0.0615234375 0.1025390625
7 0.921875 0.4716796875 0.0791015625 0.1884765625