1 0.1611328125 0.154296875 0.322265625 0.30859375
1 0.1240234375 0.87109375 0.240234375 0.2548828125
1 0.146484375 0.5361328125 0.23046875 0.3466796875
1 0.3125 0.87109375 0.1884765625 0.2548828125
1 0.369140625 0.552734375 0.271484375 0.3779296875
1 0.47265625 0.8740234375 0.34765625 0.248046875
1 0.5166015625 0.140625 0.361328125 0.28125
1 0.57421875 0.5380859375 0.240234375 0.341796875
1 0.7314453125 0.8583984375 0.2724609375 0.25
1 0.822265625 0.5166015625 0.302734375 0.30859375
1 0.83984375 0.173828125 0.31640625 0.34765625