7 0.134765625 0.2421875 0.044921875 0.0751953125
7 0.443359375 0.4345703125 0.0791015625 0.279296875
7 0.4609375 0.2763671875 0.01953125 0.046875
7 0.55078125 0.45703125 0.0361328125 0.1259765625
7 0.572265625 0.462890625 0.0439453125 0.12109375
7 0.5751953125 0.203125 0.0126953125 0.015625
7 0.8037109375 0.267578125 0.0234375 0.056640625
7 0.8447265625 0.263671875 0.0458984375 0.052734375
7 0.90625 0.3359375 0.0859375 0.142578125
7 0.8828125 0.2353515625 0.01953125 0.0498046875
7 0.9677734375 0.359375 0.04296875 0.1015625
7 0.982421875 0.263671875 0.033203125 0.0927734375