7 0.740234375 0.84765625 0.236328125 0.27734375
7 0.0869140625 0.2724609375 0.0390625 0.0830078125
7 0.1494140625 0.5859375 0.083984375 0.064453125
7 0.197265625 0.2412109375 0.0244140625 0.0498046875
7 0.236328125 0.3525390625 0.0361328125 0.060546875
7 0.287109375 0.5166015625 0.021484375 0.107421875
7 0.3818359375 0.86328125 0.2109375 0.26953125
7 0.501953125 0.4873046875 0.1123046875 0.146484375
7 0.69140625 0.4501953125 0.1435546875 0.1298828125
7 0.625 0.3564453125 0.0087890625 0.0986328125
7 0.6591796875 0.2900390625 0.037109375 0.087890625
7 0.705078125 0.1630859375 0.0146484375 0.0361328125
7 0.7646484375 0.3583984375 0.0556640625 0.16015625
7 0.7666015625 0.1982421875 0.029296875 0.01953125
7 0.79296875 0.232421875 0.0322265625 0.0751953125
7 0.826171875 0.3193359375 0.056640625 0.1025390625
7 0.8984375 0.27734375 0.0478515625 0.1064453125
7 0.9736328125 0.5283203125 0.052734375 0.146484375