1 0.033203125 0.1748046875 0.06640625 0.150390625
1 0.056640625 0.6005859375 0.11328125 0.255859375
1 0.1015625 0.6279296875 0.1767578125 0.1875
1 0.103515625 0.203125 0.1484375 0.185546875
1 0.5576171875 0.8837890625 0.1064453125 0.1416015625
1 0.5751953125 0.833984375 0.134765625 0.1416015625
1 0.5556640625 0.6220703125 0.0859375 0.16015625
1 0.578125 0.2998046875 0.1220703125 0.1142578125
1 0.6416015625 0.6318359375 0.1015625 0.1123046875
1 0.818359375 0.6044921875 0.125 0.15234375
1 0.8095703125 0.37890625 0.0966796875 0.091796875
1 0.8173828125 0.837890625 0.091796875 0.091796875
1 0.8583984375 0.798828125 0.0673828125 0.123046875