7 0.77734375 0.640625 0.1171875 0.2353515625
7 0.056640625 0.3623046875 0.015625 0.029296875
7 0.1298828125 0.3623046875 0.021484375 0.0419921875
7 0.2080078125 0.3623046875 0.080078125 0.0966796875
7 0.2724609375 0.3369140625 0.033203125 0.0419921875
7 0.2890625 0.4287109375 0.02734375 0.0478515625
7 0.2978515625 0.3720703125 0.04296875 0.0810546875
7 0.44140625 0.498046875 0.1435546875 0.205078125
7 0.478515625 0.7587890625 0.1953125 0.30859375
7 0.470703125 0.359375 0.0283203125 0.056640625
7 0.6689453125 0.4482421875 0.0703125 0.115234375
7 0.7958984375 0.4150390625 0.068359375 0.1669921875
7 0.8623046875 0.537109375 0.0302734375 0.0771484375
7 0.8798828125 0.4150390625 0.0595703125 0.1064453125
7 0.9755859375 0.4287109375 0.0478515625 0.2275390625