7 0.02734375 0.48828125 0.0546875 0.1953125
7 0.04296875 0.166015625 0.0859375 0.15234375
7 0.0654296875 0.7119140625 0.0810546875 0.16015625
7 0.083984375 0.4921875 0.0673828125 0.2373046875
7 0.099609375 0.048828125 0.0654296875 0.09765625
7 0.1689453125 0.8212890625 0.1435546875 0.1474609375
7 0.1318359375 0.5107421875 0.05859375 0.30078125
7 0.1845703125 0.51171875 0.0732421875 0.390625
7 0.2841796875 0.505859375 0.1484375 0.505859375
7 0.40625 0.595703125 0.3369140625 0.806640625
7 0.7841796875 0.5283203125 0.4296875 0.94140625